% Loads all initial conditions for orbit determination process

% Initial State
IC.R_ECI_0 = [6990077.798814194 1617465.311978378 22679.810569245355]' / 1000; % km
IC.V_ECI_0 = [-1675.13972506056 7273.72441330686 252.688512916741]' / 1000; % km / s